local Rayfield = loadstring(game:HttpGet('https://sirius.menu/rayfield'))()

local Window = Rayfield:CreateWindow({
   Name = "Fack HUB",
   Icon = 0, -- Icon in Topbar. Can use Lucide Icons (string) or Roblox Image (number). 0 to use no icon (default).
   LoadingTitle = "6 P.M.",
   LoadingSubtitle = "by KENG",
   Theme = "Default", -- Check https://docs.sirius.menu/rayfield/configuration/themes

   DisableRayfieldPrompts = false,
   DisableBuildWarnings = false, -- Prevents Rayfield from warning when the script has a version mismatch with the interface

   ConfigurationSaving = {
      Enabled = true,
      FolderName = nil, -- Create a custom folder for your hub/game
      FileName = "Big Hub"
   },

   Discord = {
      Enabled = false, -- Prompt the user to join your Discord server if their executor supports it
      Invite = "noinvitelink", -- The Discord invite code, do not include discord.gg/. E.g. discord.gg/ ABCD would be ABCD
      RememberJoins = true -- Set this to false to make them join the discord every time they load it up
   },

   KeySystem = false, -- Set this to true to use our key system
   KeySettings = {
      Title = "Untitled",
      Subtitle = "Key System",
      Note = "No method of obtaining the key is provided", -- Use this to tell the user how to get a key
      FileName = "Key", -- It is recommended to use something unique as other scripts using Rayfield may overwrite your key file
      SaveKey = true, -- The user's key will be saved, but if you change the key, they will be unable to use your script
      GrabKeyFromSite = false, -- If this is true, set Key below to the RAW site you would like Rayfield to get the key from
      Key = {"Hello"} -- List of keys that will be accepted by the system, can be RAW file links (pastebin, github etc) or simple strings ("hello","key22")
   }
})

local Player = game:GetService("Players")
local LocalPlayer = Player.LocalPlayer
local Char = LocalPlayer.Character
local Humanoid = Char.Humanoid

equipitem = function(v)
if LocalPlayer.Backpack:FindFirstChild(v) then
    local a = LocalPlayer.Backpack:FindFirstChild(v)
        Humanoid:EquipTool(a)
    end
end

local bTab = Window:CreateTab("Main", "align-justify")

local Toggle = bTab:CreateToggle({
   Name = "Brightness",
   CurrentValue = false,
   Flag = "Toggle1",
   Callback = function(Value)
	if Value then
		local lighting = game:GetService("Lighting")
		lighting.Brightness = 1
		lighting.OutdoorAmbient = Color3.fromRGB(255, 255, 255)
		lighting.Ambient = Color3.fromRGB(255, 255, 255)
		lighting.GlobalShadows = false
		lighting.Atmosphere:Destroy()
	else
		local lighting = game:GetService("Lighting")
		lighting.Brightness = 0
		lighting.OutdoorAmbient = Color3.fromRGB(0, 0, 0)
		lighting.Ambient = Color3.fromRGB(0, 0, 0)
		lighting.GlobalShadows = true
		local Atmosphere = Instance.new("Atmosphere")
		Atmosphere.Parent = lighting
		Atmosphere.Density = 0.6
		Atmosphere.Color = Color3.fromRGB(197, 166, 115)
		Atmosphere.Haze = 10
	end
   end,
})

local Toggle = bTab:CreateToggle({
   Name = "ProximityPrompt 0 วิ",
   CurrentValue = false,
   Flag = "Toggle1",
   Callback = function(Value)
   gg = Value
   spawn(function()
   while gg do wait(1)
	for i, v in ipairs(workspace:GetDescendants()) do
		if v:IsA("ProximityPrompt") then
			v.HoldDuration = 0
			v.MaxActivationDistance = 10
			v.RequiresLineOfSight = false
			v.Exclusivity = Enum.ProximityPromptExclusivity.AlwaysShow
		end
	end
	if not gg then
		break
	end
end
end)
   end,
})

local aTab = Window:CreateTab("b1c1", "align-justify")

local Section = aTab:CreateSection("Part1")

local Button = aTab:CreateButton({
   Name = "Auto get iped and off Music",
   Callback = function()
local character = game.Players.LocalPlayer.Character
local humanoidRootPart = character and character:FindFirstChild("HumanoidRootPart")
local targetPart = game.Workspace:GetChildren()[11]:GetChildren()[4]

if humanoidRootPart and targetPart then
    for _, attachment in pairs(targetPart:FindFirstChild("Attachment"):GetChildren()) do
        if attachment:IsA("ProximityPrompt") then
            humanoidRootPart.CFrame = CFrame.new(-6.99783325, 41.8818169, 60.4100113, -0.523316383, 3.73938178e-08, 0.85213846, 1.33701308e-08, 1, -3.56714445e-08, -0.85213846, -7.27424876e-09, -0.523316383)
            game.Workspace.CurrentCamera.CFrame = CFrame.new(game.Players.LocalPlayer.Character.HumanoidRootPart.Position + Vector3.new(0, 10, 0), game.Players.LocalPlayer.Character.HumanoidRootPart.Position)
			wait(0.5)
           fireproximityprompt(attachment)
        end
    end
end
wait(5)
local gg = game.Players.LocalPlayer.Character:FindFirstChild("HumanoidRootPart") 
if gg then
    for _, v in pairs(workspace:GetChildren()) do
        if v.Name == "Radio" then
            local attachment = v:FindFirstChild("Attachment")
            if attachment then
                local pp = attachment:FindFirstChildOfClass("ProximityPrompt")
                if pp then
                    gg.CFrame = v.CFrame
					game.Workspace.CurrentCamera.CFrame = CFrame.new(game.Players.LocalPlayer.Character.HumanoidRootPart.Position + Vector3.new(0, 10, 0), game.Players.LocalPlayer.Character.HumanoidRootPart.Position)
                    wait(1)
                    fireproximityprompt(pp)
                end
            end
        end
    end
end
   end,
})

local Button = aTab:CreateButton({
   Name = "light a fire",
   Callback = function()
	local player = game.Players.LocalPlayer.Character.HumanoidRootPart
	for i, v in pairs(workspace.LighterModel:GetChildren()) do
		if v.Name == "Union" then
			local prox = v:FindFirstChildOfClass("ProximityPrompt")
			player.CFrame = CFrame.new(-140.445908, 3.99999809, 89.9824066, -1, -8.04649858e-08, -2.3081105e-08, -8.04649858e-08, 1, 3.08412424e-08, 2.30811015e-08, 3.0841246e-08, -1)
			game.Workspace.CurrentCamera.CFrame = CFrame.new(game.Players.LocalPlayer.Character.HumanoidRootPart.Position + Vector3.new(0, 0, -1), game.Players.LocalPlayer.Character.HumanoidRootPart.Position)
			if prox then
				wait(0.5)
				fireproximityprompt(prox)
			end
		end
	end
	wait(2)
	local player = game.Players.LocalPlayer.Character.HumanoidRootPart
	for i, v in pairs(workspace.Lantern:GetChildren()) do
		if v.Name == "Candle" then
		for i,v in pairs(LocalPlayer.Backpack:GetChildren()) do
			if v:IsA ("Tool") and v.Name == "Lighter" then
				equipitem(v.Name)
			end
		end
			local prox = v:FindFirstChildOfClass("ProximityPrompt")
			player.CFrame = CFrame.new(-140.819397, 3.99999809, 94.2575531, -0.207906336, 9.36418516e-08, -0.978148758, 3.13368105e-08, 1, 8.90730902e-08, 0.978148758, -1.2133202e-08, -0.207906336)
			game.Workspace.CurrentCamera.CFrame = CFrame.new(game.Players.LocalPlayer.Character.HumanoidRootPart.Position + Vector3.new(-1, 0, 0), game.Players.LocalPlayer.Character.HumanoidRootPart.Position)
			if prox then
				wait(0.5)
				fireproximityprompt(prox)
			end
		end
	end
   end,
})

local Button = aTab:CreateButton({
   Name = "Auto burn",
   Callback = function()
   pcall(function()
local player = game.Players.LocalPlayer.Character.HumanoidRootPart
for i, v in pairs(workspace.Burnt1:GetChildren()) do
    if v.Name == "M4" then
        local prox = v:FindFirstChildOfClass("ProximityPrompt")
        player.CFrame = v.CFrame
		game.Workspace.CurrentCamera.CFrame = CFrame.new(game.Players.LocalPlayer.Character.HumanoidRootPart.Position + Vector3.new(0, 10, 0), game.Players.LocalPlayer.Character.HumanoidRootPart.Position)
        if prox then
            wait(0.5)
            fireproximityprompt(prox)
         end
    end
end
wait(2)
local player = game.Players.LocalPlayer.Character.HumanoidRootPart
for i, v in pairs(workspace.Lantern:GetChildren()) do
    if v.Name == "Candle" then
		for i,v in pairs(LocalPlayer.Backpack:GetChildren()) do
			if v:IsA ("Tool") and v.Name:lower():find("burnt") then
				equipitem(v.Name)
			end
		end
        local prox = v:FindFirstChildOfClass("ProximityPrompt")
        player.CFrame = CFrame.new(-140.819397, 3.99999809, 94.2575531, -0.207906336, 9.36418516e-08, -0.978148758, 3.13368105e-08, 1, 8.90730902e-08, 0.978148758, -1.2133202e-08, -0.207906336)
		game.Workspace.CurrentCamera.CFrame = CFrame.new(game.Players.LocalPlayer.Character.HumanoidRootPart.Position + Vector3.new(-1, 0, 0), game.Players.LocalPlayer.Character.HumanoidRootPart.Position)
        if prox then
            wait(0.5)
            fireproximityprompt(prox)
         end
    end
end
wait(5)
local player = game.Players.LocalPlayer.Character.HumanoidRootPart
for i, v in pairs(workspace.Burnt2:GetChildren()) do
    if v.Name == "M4" then
        local prox = v:FindFirstChildOfClass("ProximityPrompt")
        player.CFrame = v.CFrame
		game.Workspace.CurrentCamera.CFrame = CFrame.new(game.Players.LocalPlayer.Character.HumanoidRootPart.Position + Vector3.new(0, 10, 0), game.Players.LocalPlayer.Character.HumanoidRootPart.Position)
        if prox then
            wait(0.5)
            fireproximityprompt(prox)
         end
    end
end
wait(2)
local player = game.Players.LocalPlayer.Character.HumanoidRootPart
for i, v in pairs(workspace.Lantern:GetChildren()) do
    if v.Name == "Candle" then
		for i,v in pairs(LocalPlayer.Backpack:GetChildren()) do
			if v:IsA ("Tool") and v.Name:lower():find("burnt") then
				equipitem(v.Name)
			end
		end
        local prox = v:FindFirstChildOfClass("ProximityPrompt")
        player.CFrame = CFrame.new(-140.819397, 3.99999809, 94.2575531, -0.207906336, 9.36418516e-08, -0.978148758, 3.13368105e-08, 1, 8.90730902e-08, 0.978148758, -1.2133202e-08, -0.207906336)
		game.Workspace.CurrentCamera.CFrame = CFrame.new(game.Players.LocalPlayer.Character.HumanoidRootPart.Position + Vector3.new(-1, 0, 0), game.Players.LocalPlayer.Character.HumanoidRootPart.Position)
        if prox then
            wait(0.5)
            fireproximityprompt(prox)
         end
    end
end
wait(5)
local player = game.Players.LocalPlayer.Character.HumanoidRootPart
for i, v in pairs(workspace.Burnt3:GetChildren()) do
    if v.Name == "M4" then
        local prox = v:FindFirstChildOfClass("ProximityPrompt")
        player.CFrame = v.CFrame
		game.Workspace.CurrentCamera.CFrame = CFrame.new(game.Players.LocalPlayer.Character.HumanoidRootPart.Position + Vector3.new(0, 10, 0), game.Players.LocalPlayer.Character.HumanoidRootPart.Position)
        if prox then
            wait(0.5)
            fireproximityprompt(prox)
         end
    end
end
wait(2)
local player = game.Players.LocalPlayer.Character.HumanoidRootPart
for i, v in pairs(workspace.Lantern:GetChildren()) do
    if v.Name == "Candle" then
		for i,v in pairs(LocalPlayer.Backpack:GetChildren()) do
			if v:IsA ("Tool") and v.Name:lower():find("burnt") then
				equipitem(v.Name)
			end
		end
        local prox = v:FindFirstChildOfClass("ProximityPrompt")
        player.CFrame = CFrame.new(-140.819397, 3.99999809, 94.2575531, -0.207906336, 9.36418516e-08, -0.978148758, 3.13368105e-08, 1, 8.90730902e-08, 0.978148758, -1.2133202e-08, -0.207906336)
		game.Workspace.CurrentCamera.CFrame = CFrame.new(game.Players.LocalPlayer.Character.HumanoidRootPart.Position + Vector3.new(-1, 0, 0), game.Players.LocalPlayer.Character.HumanoidRootPart.Position)
        if prox then
            wait(0.5)
            fireproximityprompt(prox)
         end
    end
end
end)
   end,
})

local Button = aTab:CreateButton({
   Name = "Auto win",
   Callback = function()
local player = game.Players.LocalPlayer.Character.HumanoidRootPart
for i, v in ipairs(workspace:GetDescendants()) do
	if v:IsA("ProximityPrompt") then
		v.Enabled = true
		player.CFrame = CFrame.new(387.151825, 3.25000381, -131.789978, 0.99911505, 3.65336628e-09, 0.0420602821, -3.5167107e-09, 1, -3.32303185e-09, -0.0420602821, 3.17217741e-09, 0.99911505)
		game.Workspace.CurrentCamera.CFrame = CFrame.new(game.Players.LocalPlayer.Character.HumanoidRootPart.Position + Vector3.new(0, 0, 1), game.Players.LocalPlayer.Character.HumanoidRootPart.Position)
		wait(1)
		fireproximityprompt(v)
		end
	end
   end,
})

local Section = aTab:CreateSection("ESP")

local Toggle = aTab:CreateToggle({
   Name = "ESP item",
   CurrentValue = false,
   Flag = "Toggle1",
   Callback = function(Value)
      if Value then
         for i, v in pairs(workspace:GetChildren()) do
             if v.Name:lower():find("burnt") and not v:FindFirstChild("Fack HUB") then
                     local BillboardGui = Instance.new("BillboardGui")
                     BillboardGui.Parent = v
                     BillboardGui.ZIndexBehavior = Enum.ZIndexBehavior.Sibling
                     BillboardGui.Active = true
                     BillboardGui.Name = "Fack HUB"
                     BillboardGui.AlwaysOnTop = true
                     BillboardGui.LightInfluence = 1.000
                     BillboardGui.Size = UDim2.new(0, 200, 0, 200)
     
                     local TextLabel = Instance.new("TextLabel")
                     TextLabel.Parent = BillboardGui
                     TextLabel.BackgroundColor3 = Color3.fromRGB(255, 255, 255)
                     TextLabel.BackgroundTransparency = 1.000
                     TextLabel.BorderColor3 = Color3.fromRGB(0, 0, 0)
                     TextLabel.BorderSizePixel = 0
                     TextLabel.Position = UDim2.new(0, 0, 0.2, 0)
                     TextLabel.Size = UDim2.new(0, 200, 0, 50)
                     TextLabel.Font = Enum.Font.FredokaOne
                     TextLabel.Text = v.Name
                     TextLabel.TextColor3 = Color3.fromRGB(81, 255, 0)
                     TextLabel.TextSize = 25
                     TextLabel.TextStrokeTransparency = 0
                     TextLabel.TextWrapped = true
                 end
             end
      else
         for i, v in pairs(workspace:GetDescendants()) do
            if v:IsA("BillboardGui") and v.Name == "Fack HUB" then
               v:Destroy()
            end
         end
      end
   end,
})

local Toggle = aTab:CreateToggle({
   Name = "ESP Monster",
   CurrentValue = false,
   Flag = "Toggle1", 
   Callback = function(Value)
      if Value then
         for k, v in pairs(workspace.AiDirectory:GetChildren()) do
            if v:IsA("Model") and not v:FindFirstChild("Fack HUB") then
               local highlight = Instance.new("Highlight")
               highlight.Parent = v
               highlight.Name = "Fack HUB"
               highlight.FillColor = Color3.fromRGB(255, 0, 0) 
               highlight.OutlineColor = Color3.fromRGB(255, 0, 0)
               highlight.FillTransparency = 0.5
               highlight.OutlineTransparency = 0
               highlight.DepthMode = Enum.HighlightDepthMode.AlwaysOnTop
            end
         end
      else
         for k, v in pairs(workspace.AiDirectory:GetDescendants()) do
            if v:IsA("Highlight") and v.Name == "Fack HUB" then
               v:Destroy()
            end
         end
      end
   end,
})

local cTab = Window:CreateTab("b1c1-1.1", "align-justify")

--[[
local Section = cTab:CreateSection("Part1.1")

local Button = cTab:CreateButton({
   Name = "ป้อมยาม",
   Callback = function()
      game.Players.LocalPlayer.character.HumanoidRootPart.CFrame = CFrame.new(385.316498, 3.25000381, -124.489433, -0.0523394383, -1.65481495e-09, -0.998629332, -9.4930833e-08, 1, 3.31836003e-09, 0.998629332, 9.49743963e-08, -0.0523394383)
   end,
})

local Button = cTab:CreateButton({
   Name = "หมวดครูคณิต",
   Callback = function()
      game.Players.LocalPlayer.character.HumanoidRootPart.CFrame = CFrame.new(426.037903, 64.8000183, -58.5510864, -0.00873038452, 7.76912685e-08, -0.999961913, 7.27018445e-08, 1, 7.70594895e-08, 0.999961913, -7.20263102e-08, -0.00873038452)
   end,
})

local Button = cTab:CreateButton({
   Name = "อาคารหมวดวิทย์",
   Callback = function()
      game.Players.LocalPlayer.character.HumanoidRootPart.CFrame = CFrame.new(90.0350494, 3.50448537, 48.2363358, -0.0342468806, -4.87310814e-08, 0.999413431, 1.14966703e-08, 1, 4.91536412e-08, -0.999413431, 1.31732847e-08, -0.0342468806)
   end,
})

local Button = cTab:CreateButton({
   Name = "วาปไปหากุญแจห้องแล็ป",
   Callback = function()
      	local player = game.Players.LocalPlayer.Character.HumanoidRootPart
	for i, v in pairs(workspace:GetChildren()) do
		if v.Name == "DanceRoomKey" then
			local prox = v:FindFirstChildOfClass("ProximityPrompt")
			player.CFrame = CFrame.new(73.3867798, 46.049984, 228.050598, 0.0174477175, -9.05831143e-08, 0.99984777, -3.80797438e-08, 1, 9.12614055e-08, -0.99984777, -3.96662507e-08, 0.0174477175)
			game.Workspace.CurrentCamera.CFrame = CFrame.new(game.Players.LocalPlayer.Character.HumanoidRootPart.Position + Vector3.new(1, 0, 0), game.Players.LocalPlayer.Character.HumanoidRootPart.Position)
			if prox then
				wait(1)
				fireproximityprompt(prox)
			end
		end
	end
	  wait(5)
	  game.Players.LocalPlayer.character.HumanoidRootPart.CFrame = CFrame.new(117.007729, 10.6186581, 201.771149, 1, 0, 0, 0, 1, 0, 0, 0, 1)
   end,
})

local Button = cTab:CreateButton({
   Name = "วาปไปห้องเวที",
   Callback = function()
      game.Players.LocalPlayer.character.HumanoidRootPart.CFrame = CFrame.new(426.723572, 64.8000183, 140.802216, -0.0730332062, 9.5613153e-08, -0.997329533, 2.60092448e-10, 1, 9.58501261e-08, 0.997329533, 6.74084388e-09, -0.0730332062)
   end,
})

local Button = cTab:CreateButton({
   Name = "วาปไปหากุญแจห้องเวที",
   Callback = function()
      game.Players.LocalPlayer.character.HumanoidRootPart.CFrame = CFrame.new(466.035461, 64.8000183, 141.021988, -0.0348981656, 1.13523568e-09, -0.9993909, -2.18749996e-08, 1, 1.89979033e-09, 0.9993909, 2.19279741e-08, -0.0348981656)
   end,
})

local Button = cTab:CreateButton({
   Name = "ต้องกดไม่กดไม่จบเกม",
   Callback = function()
      game.Players.LocalPlayer.character.HumanoidRootPart.CFrame = CFrame.new(465.497162, 5.20862246, -85.7364502, 0.997563839, -9.94695739e-08, 0.0697594881, 9.99541498e-08, 1, -3.4557357e-09, -0.0697594881, 1.04200675e-08, 0.997563839)
   end,
})
]]

local Section = cTab:CreateSection("ESP")

local Toggle = cTab:CreateToggle({
   Name = "ESP item",
   CurrentValue = false,
   Flag = "Toggle1",
   Callback = function(Value)
      if Value then
         for i, v in pairs(workspace:GetChildren()) do
             if v.Name:lower():find("key") and not v:FindFirstChild("Fack HUB") then
                     local BillboardGui = Instance.new("BillboardGui")
                     BillboardGui.Parent = v
                     BillboardGui.ZIndexBehavior = Enum.ZIndexBehavior.Sibling
                     BillboardGui.Active = true
                     BillboardGui.Name = "Fack HUB"
                     BillboardGui.AlwaysOnTop = true
                     BillboardGui.LightInfluence = 1.000
                     BillboardGui.Size = UDim2.new(0, 200, 0, 200)
     
                     local TextLabel = Instance.new("TextLabel")
                     TextLabel.Parent = BillboardGui
                     TextLabel.BackgroundColor3 = Color3.fromRGB(255, 255, 255)
                     TextLabel.BackgroundTransparency = 1.000
                     TextLabel.BorderColor3 = Color3.fromRGB(0, 0, 0)
                     TextLabel.BorderSizePixel = 0
                     TextLabel.Position = UDim2.new(0, 0, 0.2, 0)
                     TextLabel.Size = UDim2.new(0, 200, 0, 50)
                     TextLabel.Font = Enum.Font.FredokaOne
                     TextLabel.Text = "Key"
                     TextLabel.TextColor3 = Color3.fromRGB(81, 255, 0)
                     TextLabel.TextSize = 25
                     TextLabel.TextStrokeTransparency = 0
                     TextLabel.TextWrapped = true
                 end
             end
      else
         for i, v in pairs(workspace:GetDescendants()) do
            if v:IsA("BillboardGui") and v.Name == "Fack HUB" then
               v:Destroy()
            end
         end
      end
   end,
})

local Toggle = cTab:CreateToggle({
   Name = "ESP Monster",
   CurrentValue = false,
   Flag = "Toggle1", 
   Callback = function(Value)
      if Value then
         for k, v in pairs(workspace.AiDirectory:GetChildren()) do
            if v:IsA("Model") and not v:FindFirstChild("Fack HUB") then
               local highlight = Instance.new("Highlight")
               highlight.Parent = v
               highlight.Name = "Fack HUB"
               highlight.FillColor = Color3.fromRGB(255, 0, 0) 
               highlight.OutlineColor = Color3.fromRGB(255, 0, 0)
               highlight.FillTransparency = 0.5
               highlight.OutlineTransparency = 0
               highlight.DepthMode = Enum.HighlightDepthMode.AlwaysOnTop
            end
         end
      else
         for k, v in pairs(workspace.AiDirectory:GetDescendants()) do
            if v:IsA("Highlight") and v.Name == "Fack HUB" then
               v:Destroy()
            end
         end
      end
   end,
})

local dTab = Window:CreateTab("b1c1-2", "align-justify")

local Section = dTab:CreateSection("Part2")

local Button = dTab:CreateButton({
   Name = "Auto Win",
   Callback = function()
   local player = game.Players.LocalPlayer.Character.HumanoidRootPart
for i, v in pairs(workspace.Valve1.Valve:GetChildren()) do
	if v.Name == "Main" then
		local prox = v:FindFirstChildOfClass("ProximityPrompt")
		player.CFrame = CFrame.new(-82.6758041, 13.4364853, -1114.14185, -0.0349120945, -5.95547718e-08, -0.999390364, -5.53859856e-08, 1, -5.76562762e-08, 0.999390364, 5.33393205e-08, -0.0349120945)
		game.Workspace.CurrentCamera.CFrame = CFrame.new(game.Players.LocalPlayer.Character.HumanoidRootPart.Position + Vector3.new(-1, 0, 0), game.Players.LocalPlayer.Character.HumanoidRootPart.Position)
		if prox then
			wait(0.5)
			fireproximityprompt(prox)
		end
	end
end
wait(1)
local player = game.Players.LocalPlayer.Character.HumanoidRootPart
for i, v in pairs(workspace.Valve2.Valve:GetChildren()) do
	if v.Name == "Main" then
		local prox = v:FindFirstChildOfClass("ProximityPrompt")
		player.CFrame = CFrame.new(100.658295, 13.4364853, -1150.6853, -0.0349910222, -1.97424672e-08, 0.999387622, 6.73230431e-08, 1, 2.21117098e-08, -0.999387622, 6.80555274e-08, -0.0349910222)
		game.Workspace.CurrentCamera.CFrame = CFrame.new(game.Players.LocalPlayer.Character.HumanoidRootPart.Position + Vector3.new(1, 0, 0), game.Players.LocalPlayer.Character.HumanoidRootPart.Position)
		if prox then
			wait(0.5)
			fireproximityprompt(prox)
		end
	end
end
wait(1)
local player = game.Players.LocalPlayer.Character.HumanoidRootPart
for i, v in pairs(workspace.Valve3.Valve:GetChildren()) do
	if v.Name == "Main" then
		local prox = v:FindFirstChildOfClass("ProximityPrompt")
		player.CFrame = CFrame.new(81.0247574, 13.4364853, -961.618164, 0.999847591, -5.03149344e-08, 0.0174576566, 5.11215106e-08, 1, -4.57557547e-08, -0.0174576566, 4.66412438e-08, 0.999847591)
		game.Workspace.CurrentCamera.CFrame = CFrame.new(game.Players.LocalPlayer.Character.HumanoidRootPart.Position + Vector3.new(0, 0, 1), game.Players.LocalPlayer.Character.HumanoidRootPart.Position)
		if prox then
			wait(0.5)
			fireproximityprompt(prox)
		end
	end
end
wait(1)
local player = game.Players.LocalPlayer.Character.HumanoidRootPart
for i, v in pairs(workspace.Valve4.Valve:GetChildren()) do
	if v.Name == "Main" then
		local prox = v:FindFirstChildOfClass("ProximityPrompt")
		player.CFrame = CFrame.new(30.4627037, 13.4364853, -833.709778, -0.999390781, -6.86585955e-10, 0.0349012576, 1.43097867e-09, 1, 6.06480413e-08, -0.0349012576, 6.06610371e-08, -0.999390781)
		game.Workspace.CurrentCamera.CFrame = CFrame.new(game.Players.LocalPlayer.Character.HumanoidRootPart.Position + Vector3.new(0, 0, -1), game.Players.LocalPlayer.Character.HumanoidRootPart.Position)
		if prox then
			wait(0.5)
			fireproximityprompt(prox)
		end
	end
end
wait(1)
local player = game.Players.LocalPlayer.Character.HumanoidRootPart
for i, v in pairs(workspace.Valve5.Valve:GetChildren()) do
	if v.Name == "Main" then
		local prox = v:FindFirstChildOfClass("ProximityPrompt")
		player.CFrame = CFrame.new(-81.7825546, 13.4364853, -809.332947, -0.121894278, -3.31962795e-08, -0.992543101, 1.71915744e-08, 1, -3.55569796e-08, 0.992543101, -2.13975717e-08, -0.121894278)
		game.Workspace.CurrentCamera.CFrame = CFrame.new(game.Players.LocalPlayer.Character.HumanoidRootPart.Position + Vector3.new(-1, 0, 0), game.Players.LocalPlayer.Character.HumanoidRootPart.Position)
		if prox then
			wait(0.5)
			fireproximityprompt(prox)
		end
	end
end
wait(1)
local player = game.Players.LocalPlayer.Character.HumanoidRootPart
for i, v in pairs(workspace.Valve6.Valve:GetChildren()) do
	if v.Name == "Main" then
		local prox = v:FindFirstChildOfClass("ProximityPrompt")
		player.CFrame = CFrame.new(-73.3733902, 13.4364853, -1218.48474, 0.999847651, 6.03041528e-08, -0.0174551848, -6.0506899e-08, 1, -1.10873017e-08, 0.0174551848, 1.21417711e-08, 0.999847651)
		game.Workspace.CurrentCamera.CFrame = CFrame.new(game.Players.LocalPlayer.Character.HumanoidRootPart.Position + Vector3.new(0, 0, 1), game.Players.LocalPlayer.Character.HumanoidRootPart.Position)
		if prox then
			wait(0.5)
			fireproximityprompt(prox)
		end
	end
end
   end,
})

local Section = dTab:CreateSection("ESP")

local Toggle = dTab:CreateToggle({
   Name = "ESP item",
   CurrentValue = false,
   Flag = "Toggle1",
   Callback = function(Value)
      if Value then
         for i, v in pairs(workspace:GetChildren()) do
             if v.Name:lower():find("valve") and not v:FindFirstChild("Fack HUB") then
                     local BillboardGui = Instance.new("BillboardGui")
                     BillboardGui.Parent = v
                     BillboardGui.ZIndexBehavior = Enum.ZIndexBehavior.Sibling
                     BillboardGui.Active = true
                     BillboardGui.Name = "Fack HUB"
                     BillboardGui.AlwaysOnTop = true
                     BillboardGui.LightInfluence = 1.000
                     BillboardGui.Size = UDim2.new(0, 200, 0, 200)
     
                     local TextLabel = Instance.new("TextLabel")
                     TextLabel.Parent = BillboardGui
                     TextLabel.BackgroundColor3 = Color3.fromRGB(255, 255, 255)
                     TextLabel.BackgroundTransparency = 1.000
                     TextLabel.BorderColor3 = Color3.fromRGB(0, 0, 0)
                     TextLabel.BorderSizePixel = 0
                     TextLabel.Position = UDim2.new(0, 0, 0.2, 0)
                     TextLabel.Size = UDim2.new(0, 200, 0, 50)
                     TextLabel.Font = Enum.Font.FredokaOne
                     TextLabel.Text = v.Name
                     TextLabel.TextColor3 = Color3.fromRGB(81, 255, 0)
                     TextLabel.TextSize = 25
                     TextLabel.TextStrokeTransparency = 0
                     TextLabel.TextWrapped = true
                 end
             end
		for k, v in pairs(workspace:GetChildren()) do
            if v.Name:lower():find("valve") and not v:FindFirstChild("Facka HUB") then
               local highlight = Instance.new("Highlight")
               highlight.Parent = v
               highlight.Name = "Facka HUB"
               highlight.FillColor = Color3.fromRGB(81, 255, 0) 
               highlight.OutlineColor = Color3.fromRGB(81, 255, 0)
               highlight.FillTransparency = 0.5
               highlight.OutlineTransparency = 0
               highlight.DepthMode = Enum.HighlightDepthMode.AlwaysOnTop
            end
         end
      else
         for i, v in pairs(workspace:GetDescendants()) do
            if v:IsA("BillboardGui") and v.Name == "Fack HUB" then
               v:Destroy()
            end
         end
		for k, v in pairs(workspace:GetDescendants()) do
            if v:IsA("Highlight") and v.Name == "Facka HUB" then
               v:Destroy()
            end
         end
      end
   end,
})

local Toggle = dTab:CreateToggle({
   Name = "ESP Monster",
   CurrentValue = false,
   Flag = "Toggle1", 
   Callback = function(Value)
      if Value then
         for k, v in pairs(workspace.AiDirectory:GetChildren()) do
            if v:IsA("Model") and not v:FindFirstChild("Facks HUB") then
               local highlight = Instance.new("Highlight")
               highlight.Parent = v
               highlight.Name = "Facks HUB"
               highlight.FillColor = Color3.fromRGB(255, 0, 0) 
               highlight.OutlineColor = Color3.fromRGB(255, 0, 0)
               highlight.FillTransparency = 0.5
               highlight.OutlineTransparency = 0
               highlight.DepthMode = Enum.HighlightDepthMode.AlwaysOnTop
            end
         end
      else
         for k, v in pairs(workspace.AiDirectory:GetDescendants()) do
            if v:IsA("Highlight") and v.Name == "Facks HUB" then
               v:Destroy()
            end
         end
      end
   end,
})

game:GetService("CoreGui")["Rayfield-Old"]:Destroy()
